A-n32-k5-C11-V2.gvrp	1	5	0	0.1	1	522	0.513
Trip 0 (DEM=93)(DIST=351) =  1 21 6 26 11 30 16 23 10 19 9 12 5 29 24 3 4 7 15 25 28 1
Trip 1 (DEM=46)(DIST=171) =  1 8 14 18 20 32 22 2 13 17 27 31 1
///////////////////////////////////////////////////////
A-n33-k5-C11-V2.gvrp	1	5	0	0.1	1	482	0.033
Trip 0 (DEM=55)(DIST=158) =  1 23 16 24 29 19 12 32 2 22 15 20 7 25 1
Trip 1 (DEM=97)(DIST=324) =  1 3 21 33 14 9 8 27 5 13 6 28 26 31 11 18 10 4 17 30 1
///////////////////////////////////////////////////////
A-n33-k6-C11-V2.gvrp	1	5	0	0.1	1	582	0.327
Trip 0 (DEM=92)(DIST=269) =  1 22 13 26 17 31 28 32 25 24 27 23 1
Trip 1 (DEM=99)(DIST=313) =  1 12 30 21 10 16 3 4 9 5 6 8 20 7 19 2 14 15 18 11 33 29 1
///////////////////////////////////////////////////////
A-n34-k5-C12-V2.gvrp	1	5	0	0.1	1	547	0.168
Trip 0 (DEM=81)(DIST=256) =  1 22 4 13 10 23 17 3 19 34 5 27 21 1
Trip 1 (DEM=85)(DIST=291) =  1 11 14 33 29 26 32 18 20 12 24 28 2 9 16 7 8 15 30 25 31 6 1
///////////////////////////////////////////////////////
A-n36-k5-C12-V2.gvrp	1	5	0	0.1	1	589	0.108
Trip 0 (DEM=88)(DIST=365) =  1 11 8 27 21 6 10 15 29 13 4 32 20 5 7 24 35 3 36 9 16 1
Trip 1 (DEM=46)(DIST=224) =  1 17 2 12 19 34 30 31 18 14 33 23 22 25 28 26 1
///////////////////////////////////////////////////////
